Camera Intrinsic Calibration Report
Timestamp: Sun Aug  3 12:56:10 2025
==============================
相机内参
Camera Matrix (fx, fy, cx, cy):
522.7612 0.0000 312.9985
0.0000 523.9174 242.0802
0.0000 0.0000 1.0000

Distortion Coefficients (k1, k2, p1, p2, k3):
0.032899 -0.179162 0.000889 -0.002139 0.169193
189


[[ 0.0409 -0.9964 -0.0749  0.047 ]
 [ 0.0027  0.0751 -0.9972 -0.0076]
 [ 0.9992  0.0406  0.0057 -0.073 ]
 [ 0.      0.      0.      1.    ]]

 
[[ 0.0384 -0.9022 -0.4297  0.0466]
 [-0.024   0.429  -0.903  -0.0267]
 [ 0.999   0.045  -0.0051 -0.0803]
 [ 0.      0.      0.      1.    ]]


[[-1.841e-01  1.390e-02  9.828e-01  7.720e-02]
 [-9.829e-01  2.400e-03  -1.841e-01  -1.650e-02]
 [ -2.000e-04  -9.999e-01 -1.410e-02  8.900e-02]
 [ 0.000e+00  0.000e+00  0.000e+00  1.000e+00]]

 [[-0.1815  0.0489  0.9822  0.0787]
 [-0.9833  0.0012 -0.1818 -0.017 ]
 [-0.01   -0.9988  0.0479 -0.1012]
 [ 0.      0.      0.      1.    ]]

 [[-1.841e-01  1.390e-02  9.828e-01  7.720e-02]
 [-9.829e-01  2.400e-03  -1.841e-01  -1.650e-02]
 [ -2.000e-04  -9.999e-01 -1.410e-02    0]
 [ 0.000e+00  0.000e+00  0.000e+00  1.000e+00]]


 